17365
65
61
17365
68
67
17366
62
78
17366
68
75
17367
26
20
17367
68
61
17369
50
60
17369
62
66
17369
115
45
17371
27
61
17371
62
74
17371
50
60
17372
50
60
17372
27
64
17372
62
78
17374
4
80
17374
14
90
17374
27
90
17374
66
90
17375
62
72
17375
64
69
17375
65
49
17375
115
29
17376
62
72
17376
69
65
17377
24
66
17377
64
70
17377
68
67
17378
20
58
17378
22
56
17378
62
57
17378
65
50
17379
23
53
17379
62
65
17379
68
64
17380
4
80
17380
14
90
17380
27
90
17380
63
62
17380
66
58
17381
64
74
17381
67
65
17382
22
49
17382
23
29
17382
62
72
17382
65
63
17383
27
71
17383
68
77
17383
69
67
17385
27
73
17385
68
73
17386
25
22
17386
66
73
17388
19
57
17388
26
55
17388
27
52
17388
64
60
17389
25
42
17389
96
59
17389
115
22
17390
64
68
17391
97
68
17392
62
78
17392
68
75
17392
115
25
17393
4
80
17393
27
59
17393
14
90
17393
27
90
17394
25
85
17394
98
66
17395
20
59
17395
96
68
17396
3
52
17396
17
72
17396
19
72
17396
50
67
17397
26
80
17397
99
66
17398
27
41
17398
59
29
17398
103
43
17401
20
70
17401
95
76
17401
15
100
17402
26
62
17402
95
74
17403
26
61
17403
41
53
17403
47
54
17405
23
41
17405
91
75
17406
25
47
17406
98
46
17407
20
60
17407
22
59
17407
91
69
17407
96
70
17408
115
30
17409
20
100
17409
91
100
17410
24
80
17410
91
77
17411
23
80
17411
24
100
17411
62
100
17411
68
100
17411
91
100
17412
27
58
17412
39
58
17412
43
51
17413
11
42
17413
17
42
17413
39
51
17413
115
52
17414
20
72
17414
39
60
17414
50
66
17414
71
64
17415
24
27
17415
38
67
17417
20
68
17417
79
62
17418
84
58
17418
23
54
17418
65
30
17419
20
64
17419
22
59
17419
23
54
17419
72
72
17420
20
77
17420
23
70
17420
73
81
17421
20
70
17421
73
67
17422
20
66
17422
73
67
17442
15
100
17425
22
51
17425
75
68
17425
97
75
17426
36
30
17426
107
30
17427
19
48
17427
88
69
17429
20
69
17429
88
69
17430
28
80
17431
29
69
17432
4
48
17432
25
57
17433
28
30
17434
30
62
17435
34
50
17435
41
30
17436
31
65
17436
34
65
17437
31
66
17437
31
66
17438
34
80
17439
33
83
17440
33
75
17440
48
65
17441
36
60
17441
40
49
17441
56
46
17442
112
100
17442
115
80
17444
28
38
17444
34
72
17444
39
55
17477
19
70
17477
20
73
17477
22
66
17477
23
70
17477
73
80
17477
76
70
17477
85
74
17478
25
55
17478
64
83
17479
50
44
17479
51
37
17479
94
42
17479
115
34
17480
17
69
17481
28
66
17481
14
90
17483
36
60
17483
61
48
17484
27
47
17484
31
59
17484
47
47
17484
50
53
17485
26
56
17485
92
70
17486
26
76
17486
92
84
17487
26
93
17487
92
100
17488
68
30
17489
65
93
17489
68
50
17490
71
20
17491
23
50
17491
68
69
17491
69
64
17492
4
49
17492
16
56
17492
17
71
17492
18
70
17492
19
72
17493
103
64
17494
20
93
17494
74
87
17495
17
82
17495
18
22
17495
65
59
17495
68
70
17495
82
58
17496
26
36
17496
92
84
17497
25
50
17497
100
25
17498
7
42
17498
37
55
17498
115
41
17499
99
54
17499
115
36
17500
105
49
17501
27
20
17501
52
42
17501
53
40
17501
104
26
17502
20
43
17502
106
63
17504
67
55
17504
68
56
17504
115
45
17507
62
81
17507
73
76
17507
115
31
17508
23
53
17508
73
56
17509
20
72
17509
73
60
17510
17
67
17510
20
68
17510
73
47
17511
20
60
17511
23
50
17511
25
50
17511
73
45
17512
20
60
17512
23
50
17512
73
93
17513
20
70
17513
23
90
17513
73
100
17513
79
100
17514
23
41
17514
73
66
17515
20
45
17515
23
55
17515
73
67
17515
79
64
17516
23
53
17516
73
63
17517
20
63
17517
25
55
17517
73
69
17518
25
64
17518
73
67
17518
91
74
17519
28
55
17519
34
40
17520
34
70
17520
28
68
17520
34
72
17520
103
61
17521
27
59
17521
37
66
17521
14
90
17521
73
60
17522
27
61
17522
29
72
17522
34
73
17523
66
69
17523
67
71
17523
115
47
17524
68
100
17524
115
73
17525
14
48
17525
27
69
17525
68
72
17525
69
55
17526
62
79
17527
27
67
17527
63
96
17527
68
88
17527
14
40
17528
68
81
17529
70
90
17530
25
80
17530
71
80
17531
27
51
17531
53
44
17531
104
59
17532
20
50
17532
22
50
17532
96
72
17533
27
63
17533
38
75
17533
44
65
17533
104
65
17534
20
100
17534
91
100
17535
20
30
17536
20
56
17536
22
56
17536
23
56
17536
96
82
17537
25
50
17537
50
56
17537
51
46
17537
91
74
17538
20
50
17538
62
50
17538
91
40
17539
26
70
17540
4
54
17543
33
25
17544
17
64
17544
33
68
17545
33
71
17546
33
30
17547
33
66
17548
33
64
17549
33
90
17550
33
69
17550
41
47
17551
27
54
17551
101
59
17552
20
69
17552
101
67
17553
7
44
17553
57
40
17554
22
61
17554
73
62
17554
76
61
17554
97
64
17554
105
63
17555
25
60
17555
97
80
17556
38
100
17556
14
100
17557
38
100
17557
115
30
17558
38
100
17558
115
50
18000
62
90
18000
23
50
18000
20
30
18001
45
90
18001
41
90
18001
42
30
18001
48
50
18001
17
10
18002
45
90
18002
41
80
18002
42
40
18002
48
40
18002
26
40
18003
31
90
18003
34
90
18003
36
100
18004
45
90
18004
41
80
18004
48
50
18004
115
80
18005
68
80
18005
14
80
18006
68
80
18006
14
60
