123
17376
6
123
17377
6
123
17380
6
123
17392
3
123
17395
4
123
17405
3
123
17411
1
123
17421
2
123
17425
6
123
17426
6
123
17432
6
123
17442
3
123
17484
7
123
17509
6
123
17515
2
123
17528
1
123
17530
3
123
17532
3
123
17552
6
124
17372
6
124
17374
7
124
17385
4
124
17397
6
124
17405
4
124
17414
6
124
17420
1
124
17421
3
124
17422
6
124
17438
5
124
17441
6
124
17481
4
124
17492
3
124
17493
4
124
17510
7
124
17520
6
124
17525
3
124
17529
4
124
17538
1
124
17543
5
125
17380
6
125
17382
1
125
17389
3
125
17414
1
125
17415
6
125
17418
6
125
17420
1
125
17425
1
125
17440
6
125
17442
6
125
17444
6
125
17508
1
125
17518
1
125
17524
3
125
17526
1
125
17530
1
125
17535
1
125
17544
6
125
17547
6
125
17550
1
126
17378
5
126
17390
5
126
17415
6
126
17432
6
126
17438
5
126
17441
6
126
17480
2
126
17481
2
126
17496
1
126
17504
2
126
17507
3
126
17508
1
126
17513
6
126
17516
1
126
17520
6
126
17524
1
126
17526
6
126
17545
6
126
17553
2
127
17374
6
127
17377
6
127
17379
6
127
17391
1
127
17394
6
127
17413
6
127
17414
3
127
17420
1
127
17422
6
127
17433
6
127
17435
6
127
17438
1
127
17441
1
127
17495
3
127
17500
5
127
17511
6
127
17531
6
127
17540
6
127
17547
6
127
17552
3
128
17374
6
128
17379
6
128
17390
6
128
17393
6
128
17401
6
128
17429
6
128
17430
6
128
17435
6
128
17477
6
128
17484
2
128
17489
6
128
17499
2
128
17504
6
128
17522
3
128
17523
6
128
17528
3
128
17531
3
128
17547
6
128
17552
6
129
17365
1
129
17366
1
129
17386
6
129
17394
5
129
17403
5
129
17407
5
129
17412
6
129
17418
6
129
17420
1
129
17422
1
129
17431
6
129
17436
6
129
17478
1
129
17480
1
129
17485
1
129
17502
6
129
17512
1
129
17515
1
129
17518
1
129
17532
1
130
17369
5
130
17372
1
130
17374
6
130
17388
1
130
17392
1
130
17402
6
130
17403
6
130
17429
6
130
17442
3
130
17484
6
130
17489
1
130
17497
1
130
17502
6
130
17514
1
130
17517
1
130
17527
1
130
17528
1
130
17534
1
130
17543
1
130
17546
1
131
17372
1
131
17374
5
131
17381
1
131
17382
1
131
17389
1
131
17391
1
131
17392
1
131
17407
1
131
17412
1
131
17417
1
131
17477
5
131
17494
1
131
17524
1
131
17528
1
131
17533
1
131
17537
1
131
17540
1
131
17544
1
131
17552
1
131
17555
1
132
17376
1
132
17377
1
132
17385
1
132
17396
1
132
17397
1
132
17398
1
132
17405
1
132
17418
5
132
17478
1
132
17480
5
132
17481
5
132
17485
1
132
17494
1
132
17509
1
132
17513
1
132
17527
1
132
17536
1
132
17545
1
132
17550
1
133
17372
1
133
17385
1
133
17393
1
133
17420
1
133
17425
1
133
17426
1
133
17429
1
133
17436
1
133
17495
1
133
17504
1
133
17513
1
133
17520
1
133
17521
1
133
17522
1
133
17527
1
133
17533
1
133
17536
1
133
17550
1
134
17369
6
134
17371
6
134
17376
6
134
17385
6
134
17386
1
134
17391
6
134
17396
1
134
17403
6
134
17405
1
134
17422
1
134
17427
6
134
17429
6
134
17486
1
134
17488
1
134
17491
1
134
17518
6
134
17527
1
134
17547
6
134
17549
6
134
17554
1
135
17367
3
135
17369
5
135
17372
5
135
17385
4
135
17388
1
135
17389
3
135
17392
2
135
17427
5
135
17434
6
135
17485
1
135
17497
1
135
17507
1
135
17512
1
135
17513
6
135
17526
3
135
17529
2
135
17534
1
135
17539
1
135
17546
1
135
17547
5
136
17376
4
136
17378
4
136
17383
6
136
17396
6
136
17402
4
136
17411
1
136
17440
3
136
17442
6
136
17483
4
136
17495
6
136
17498
6
136
17509
5
136
17514
5
136
17516
4
136
17528
6
136
17540
3
136
17543
4
136
17548
5
136
17551
1
137
17365
1
137
17366
1
137
17367
1
137
17374
1
137
17382
1
137
17389
5
137
17392
1
137
17408
1
137
17422
1
137
17442
1
137
17477
1
137
17489
1
137
17491
5
137
17492
1
137
17511
1
137
17520
5
137
17526
1
137
17538
1
137
17553
1
138
17375
5
138
17388
1
138
17392
1
138
17425
5
138
17427
5
138
17435
5
138
17478
1
138
17484
5
138
17496
1
138
17497
1
138
17500
5
138
17507
1
138
17508
1
138
17513
5
138
17519
5
138
17520
6
138
17524
2
138
17534
1
138
17537
1
138
17550
6
139
17365
1
139
17378
5
139
17383
2
139
17385
3
139
17401
6
139
17402
6
139
17405
2
139
17412
2
139
17430
3
139
17433
2
139
17477
1
139
17481
3
139
17485
1
139
17508
1
139
17529
2
139
17530
5
139
17535
3
139
17537
3
139
17544
6
139
17547
6
140
17380
6
140
17390
6
140
17394
2
140
17397
6
140
17408
3
140
17411
6
140
17418
5
140
17431
6
140
17479
6
140
17481
4
140
17485
3
140
17490
6
140
17509
6
140
17513
6
140
17514
3
140
17515
3
140
17532
3
140
17553
2
141
17366
1
141
17393
1
141
17396
1
141
17413
1
141
17415
1
141
17421
1
141
17429
1
141
17434
1
141
17437
1
141
17444
1
141
17486
1
141
17488
1
141
17489
1
141
17507
1
141
17513
1
141
17522
1
141
17523
1
141
17533
1
141
17553
1
141
17554
1
142
17366
6
142
17398
4
142
17401
6
142
17413
5
142
17425
6
142
17426
6
142
17430
3
142
17436
5
142
17439
5
142
17442
6
142
17478
2
142
17487
1
142
17495
5
142
17501
4
142
17510
2
142
17537
5
142
17538
1
142
17547
5
142
17552
6
142
17554
5
143
17366
1
143
17374
6
143
17390
1
143
17407
3
143
17417
6
143
17418
6
143
17425
6
143
17432
5
143
17433
5
143
17442
5
143
17477
1
143
17481
3
143
17492
6
143
17539
6
143
17545
6
143
17551
6
143
17553
5
143
17554
5
144
17376
6
144
17380
3
144
17381
6
144
17410
6
144
17415
6
144
17418
6
144
17422
6
144
17425
3
144
17427
6
144
17436
6
144
17444
6
144
17478
1
144
17484
4
144
17497
1
144
17516
6
144
17530
1
144
17540
6
144
17545
5
144
17555
5
145
17369
1
145
17372
1
145
17375
1
145
17391
1
145
17410
1
145
17411
1
145
17415
1
145
17422
3
145
17425
1
145
17441
1
145
17479
1
145
17494
1
145
17498
1
145
17502
1
145
17509
1
145
17522
1
145
17533
1
145
17539
1
145
17549
1
146
17378
3
146
17393
6
146
17394
6
146
17398
7
146
17417
6
146
17419
6
146
17429
6
146
17437
6
146
17442
6
146
17478
3
146
17483
5
146
17486
1
146
17487
1
146
17488
3
146
17489
3
146
17509
6
146
17527
3
146
17537
3
146
17543
6
146
17545
6
147
17378
6
147
17381
6
147
17389
6
147
17390
6
147
17395
6
147
17403
6
147
17407
6
147
17415
6
147
17419
6
147
17433
6
147
17441
6
147
17444
6
147
17483
6
147
17484
6
147
17509
6
147
17527
3
147
17551
6
147
17555
6
148
17378
1
148
17386
1
148
17388
1
148
17389
1
148
17392
1
148
17408
1
148
17410
1
148
17430
1
148
17432
1
148
17440
1
148
17481
1
148
17493
1
148
17510
6
148
17522
1
148
17538
1
148
17545
1
148
17550
1
149
17381
1
149
17385
1
149
17397
1
149
17406
1
149
17425
1
149
17430
1
149
17432
1
149
17491
1
149
17494
1
149
17497
1
149
17499
1
149
17500
1
149
17507
1
149
17511
1
149
17516
1
149
17543
1
149
17547
1
149
17549
1
149
17550
1
149
17552
1
150
17366
1
150
17372
1
150
17386
1
150
17390
1
150
17401
1
150
17402
1
150
17486
1
150
17496
1
150
17507
1
150
17509
1
150
17511
1
150
17519
1
150
17522
1
150
17523
1
150
17524
1
150
17526
1
150
17529
1
150
17540
1
150
17554
1
151
17371
6
151
17393
6
151
17396
4
151
17397
7
151
17406
7
151
17419
6
151
17420
4
151
17421
4
151
17425
1
151
17426
7
151
17432
6
151
17435
6
151
17477
1
151
17483
4
151
17488
1
151
17489
1
151
17521
7
151
17530
1
151
17539
1
151
17544
1
152
17382
5
152
17405
2
152
17407
5
152
17412
5
152
17415
5
152
17417
5
152
17425
2
152
17434
5
152
17440
5
152
17442
5
152
17481
2
152
17492
2
152
17512
5
152
17513
5
152
17522
2
152
17526
2
152
17535
1
152
17538
1
152
17549
5
153
17365
2
153
17376
6
153
17378
5
153
17392
2
153
17415
6
153
17419
6
153
17441
5
153
17477
5
153
17490
1
153
17494
2
153
17500
5
153
17509
5
153
17518
2
153
17529
2
153
17530
2
153
17537
2
153
17544
1
153
17546
5
153
17549
5
154
17382
1
154
17392
1
154
17401
6
154
17402
6
154
17407
1
154
17421
1
154
17427
1
154
17431
6
154
17444
6
154
17481
1
154
17493
1
154
17498
6
154
17500
1
154
17508
1
154
17518
1
154
17521
6
154
17545
6
154
17553
6
155
17365
1
155
17379
5
155
17386
1
155
17388
1
155
17406
1
155
17425
1
155
17437
1
155
17486
1
155
17498
1
155
17501
5
155
17515
1
155
17518
1
155
17525
1
155
17533
1
155
17536
1
155
17539
1
155
17545
1
155
17552
1
155
17553
1
156
17393
3
156
17415
6
156
17425
3
156
17436
6
156
17438
6
156
17442
6
156
17478
6
156
17484
2
156
17488
6
156
17498
6
156
17507
6
156
17509
6
156
17518
6
156
17524
3
156
17530
6
156
17531
3
156
17538
3
156
17545
6
156
17551
6
157
17365
6
157
17371
6
157
17374
6
157
17383
1
157
17394
5
157
17397
6
157
17420
1
157
17425
6
157
17439
6
157
17481
3
157
17485
3
157
17501
6
157
17520
6
157
17525
1
157
17528
6
157
17529
1
157
17546
6
157
17549
6
157
17553
6
158
17377
6
158
17382
3
158
17386
1
158
17411
1
158
17432
5
158
17481
3
158
17483
5
158
17492
3
158
17494
6
158
17499
5
158
17504
5
158
17507
1
158
17511
1
158
17529
1
158
17536
6
158
17544
5
158
17545
5
158
17550
1
158
17551
5
158
17554
6
159
17381
6
159
17386
6
159
17403
6
159
17410
6
159
17411
3
159
17418
6
159
17431
6
159
17478
2
159
17492
1
159
17499
6
159
17500
6
159
17502
6
159
17504
1
159
17511
1
159
17512
1
159
17516
1
159
17520
6
159
17537
3
159
17547
6
159
17549
6
160
17375
6
160
17391
3
160
17408
3
160
17411
3
160
17414
6
160
17415
6
160
17432
1
160
17441
6
160
17495
6
160
17500
6
160
17501
6
160
17509
6
160
17510
6
160
17532
6
160
17534
3
160
17537
3
160
17545
6
160
17547
6
160
17553
6
160
17554
6
161
17375
1
161
17381
1
161
17382
1
161
17383
1
161
17394
1
161
17413
1
161
17432
1
161
17433
1
161
17484
1
161
17490
1
161
17495
1
161
17497
1
161
17514
1
161
17516
1
161
17525
1
161
17530
1
161
17532
1
161
17539
1
162
17378
5
162
17381
5
162
17382
5
162
17389
5
162
17398
5
162
17413
5
162
17418
1
162
17425
6
162
17429
5
162
17437
6
162
17485
1
162
17487
1
162
17494
2
162
17512
6
162
17525
1
162
17548
5
162
17549
5
162
17551
5
162
17555
1
163
17371
6
163
17382
2
163
17388
7
163
17392
6
163
17393
6
163
17411
1
163
17413
6
163
17414
6
163
17417
6
163
17420
2
163
17432
6
163
17437
6
163
17444
6
163
17477
6
163
17486
3
163
17500
6
163
17515
6
163
17531
6
163
17538
1
164
17371
6
164
17375
3
164
17379
1
164
17408
1
164
17420
1
164
17421
1
164
17426
5
164
17432
6
164
17434
6
164
17485
1
164
17509
2
164
17510
1
164
17511
1
164
17512
1
164
17514
1
164
17517
1
164
17533
2
164
17547
6
164
17548
5
165
17369
6
165
17376
6
165
17393
6
165
17406
1
165
17411
1
165
17415
6
165
17426
6
165
17431
6
165
17479
1
165
17485
1
165
17492
6
165
17498
1
165
17500
1
165
17508
1
165
17510
1
165
17513
6
165
17515
1
165
17527
1
165
17537
1
166
17365
1
166
17385
1
166
17386
1
166
17388
1
166
17390
1
166
17412
1
166
17430
1
166
17437
1
166
17439
1
166
17440
1
166
17479
1
166
17483
1
166
17494
1
166
17509
1
166
17512
1
166
17527
1
166
17536
1
166
17545
1
166
17552
1
167
17374
1
167
17375
1
167
17385
1
167
17392
1
167
17411
1
167
17430
1
167
17432
1
167
17440
1
167
17442
1
167
17484
1
167
17492
1
167
17500
1
167
17504
1
167
17507
1
167
17520
1
167
17524
1
167
17525
1
167
17535
1
167
17537
1
167
17543
1
168
17398
5
168
17410
6
168
17419
6
168
17434
4
168
17439
6
168
17480
1
168
17484
6
168
17486
1
168
17487
1
168
17499
5
168
17502
6
168
17512
6
168
17513
6
168
17514
1
168
17524
3
168
17533
6
168
17545
6
168
17546
6
168
17549
6
169
17369
6
169
17371
6
169
17372
6
169
17374
1
169
17395
5
169
17407
6
169
17430
1
169
17436
6
169
17487
1
169
17504
1
169
17507
6
169
17520
6
169
17522
1
169
17528
1
169
17529
4
169
17531
5
169
17545
6
169
17548
6
169
17551
6
170
17382
1
170
17383
1
170
17386
1
170
17395
1
170
17419
1
170
17420
1
170
17421
1
170
17430
1
170
17477
1
170
17481
1
170
17488
1
170
17492
1
170
17494
1
170
17511
1
170
17518
1
170
17520
1
170
17528
1
170
17548
1
170
17554
1
171
17372
1
171
17383
1
171
17385
1
171
17386
1
171
17393
6
171
17401
6
171
17420
1
171
17425
1
171
17432
1
171
17433
1
171
17437
6
171
17478
1
171
17479
1
171
17483
1
171
17494
1
171
17508
1
171
17513
6
171
17533
1
171
17551
1
172
17378
1
172
17390
2
172
17402
6
172
17405
1
172
17407
2
172
17418
5
172
17421
6
172
17437
5
172
17440
6
172
17480
1
172
17486
1
172
17493
1
172
17495
1
172
17499
1
172
17507
1
172
17508
1
172
17513
2
172
17524
1
172
17553
1
173
17379
1
173
17381
1
173
17389
3
173
17390
6
173
17391
1
173
17397
6
173
17405
3
173
17417
3
173
17425
3
173
17427
3
173
17440
6
173
17486
6
173
17487
1
173
17497
1
173
17502
6
173
17525
1
173
17534
1
173
17537
1
173
17549
6
173
17554
2
174
17389
6
174
17402
6
174
17406
4
174
17411
3
174
17414
4
174
17425
3
174
17434
5
174
17437
5
174
17440
6
174
17442
6
174
17484
4
174
17496
4
174
17499
2
174
17507
3
174
17509
5
174
17514
4
174
17520
3
174
17533
3
174
17543
5
174
17546
5
175
17381
4
175
17385
4
175
17388
4
175
17390
3
175
17422
3
175
17425
3
175
17429
6
175
17432
3
175
17438
6
175
17444
6
175
17483
4
175
17493
4
175
17499
1
175
17516
3
175
17521
2
175
17540
1
175
17547
6
175
17553
4
176
17366
1
176
17371
3
176
17374
3
176
17393
6
176
17397
6
176
17410
6
176
17417
6
176
17433
5
176
17434
6
176
17440
6
176
17481
3
176
17486
1
176
17497
1
176
17501
5
176
17512
2
176
17522
6
176
17533
3
176
17550
1
176
17551
5
177
17365
1
177
17380
1
177
17383
1
177
17394
1
177
17408
1
177
17432
1
177
17434
1
177
17440
1
177
17487
1
177
17496
1
177
17502
1
177
17514
1
177
17539
1
177
17540
1
177
17546
1
177
17550
1
177
17552
1
177
17553
1
178
17372
1
178
17379
1
178
17391
1
178
17403
1
178
17411
1
178
17412
1
178
17417
1
178
17421
1
178
17422
1
178
17432
1
178
17487
1
178
17498
1
178
17499
1
178
17504
1
178
17513
1
178
17524
1
178
17531
1
178
17550
1
179
17377
1
179
17383
1
179
17390
1
179
17393
5
179
17395
1
179
17414
1
179
17415
1
179
17440
1
179
17441
1
179
17480
1
179
17497
1
179
17499
1
179
17516
1
179
17523
1
179
17525
1
179
17536
1
179
17545
1
179
17546
1
179
17549
1
179
17554
1
180
17372
1
180
17375
1
180
17377
5
180
17390
1
180
17402
6
180
17403
6
180
17417
3
180
17419
6
180
17430
1
180
17435
6
180
17440
6
180
17488
1
180
17508
1
180
17514
1
180
17527
1
180
17534
1
180
17544
1
180
17546
1
180
17551
6
180
17552
6
